Problem:
[[ 0.  0.  0.  0.  2.  0.  0.  0.  5.]
[ 0.  9.  0.  0.  0.  0.  8.  7.  0.]
[ 0.  0.  0.  0.  8.  0.  6.  2.  0.]
[ 2.  0.  9.  0.  0.  0.  0.  0.  0.]
[ 5.  0.  0.  4.  0.  8.  0.  0.  1.]
[ 0.  0.  0.  0.  0.  0.  4.  0.  7.]
[ 0.  7.  6.  0.  9.  0.  0.  0.  0.]
[ 0.  2.  1.  0.  0.  0.  0.  5.  0.]
[ 8.  0.  0.  0.  4.  0.  0.  0.  0.]]

Solution:
[[ 7.  8.  3.  9.  2.  6.  1.  4.  5.]
[ 6.  9.  2.  5.  1.  4.  8.  7.  3.]
[ 1.  5.  4.  3.  8.  7.  6.  2.  9.]
[ 2.  4.  9.  6.  7.  1.  5.  3.  8.]
[ 5.  6.  7.  4.  3.  8.  2.  9.  1.]
[ 3.  1.  8.  2.  5.  9.  4.  6.  7.]
[ 4.  7.  6.  1.  9.  5.  3.  8.  2.]
[ 9.  2.  1.  8.  6.  3.  7.  5.  4.]
[ 8.  3.  5.  7.  4.  2.  9.  1.  6.]]
